192.00  65.00
192.00  65.00
192.00  65.00
192.00  65.00
192.00  65.00
192.00  65.00
192.00  65.00
192.00  65.00
192.00  65.00
192.00  65.00
192.00  65.00
189.00 127.00
189.00 127.00
189.00 127.00
189.00 127.00
189.00 127.00
189.00 127.00
189.00 127.00
189.00 127.00
189.00 127.00
189.00 127.00
189.00 127.00
189.00 127.00
189.00 127.00
189.00 127.00
189.00 127.00
189.00 127.00
189.00 127.00
189.00 127.00
189.00 127.00
189.00 127.00
189.00 127.00
189.00 127.00
192.00  65.00
192.00  65.00
192.00  65.00
192.00  65.00
192.00  65.00
192.00  65.00
192.00  65.00
192.00  65.00
192.00  65.00
192.00  65.00
192.00  65.00
192.00  65.00
192.00  65.00
192.00  65.00
192.00  65.00
192.00  65.00
192.00  65.00
192.00  65.00
