192.00  65.00
192.00  65.00
192.00  65.00
192.00  65.00
192.00  65.00
192.00  65.00
192.00  65.00
192.00  65.00
192.00  65.00
192.00  65.00
192.00  65.00
192.00  65.00
184.00 119.00
178.00 127.00
178.00 127.00
178.00 127.00
178.00 127.00
178.00 127.00
178.00 127.00
178.00 127.00
178.00 127.00
178.00 127.00
178.00 127.00
178.00 127.00
178.00 127.00
178.00 127.00
178.00 127.00
178.00 127.00
178.00 127.00
192.00  65.00
192.00  65.00
192.00  65.00
192.00  65.00
192.00  65.00
192.00  65.00
192.00  65.00
192.00  65.00
192.00  65.00
192.00  65.00
192.00  65.00
192.00  65.00
192.00  65.00
192.00  65.00
192.00  65.00
192.00  65.00
192.00  65.00
