192.00  65.00
186.00  80.00
184.00  95.00
183.00 103.00
183.00 103.00
183.00 103.00
180.00 109.00
180.00 110.00
180.00 118.00
176.00 118.00
176.00 118.00
180.00 118.00
186.00 117.00
200.00 117.00
209.00 118.00
216.00 119.00
217.00 119.00
206.00 117.00
196.00 117.00
185.00 116.00
174.00 117.00
175.00 117.00
190.00 119.00
200.00 120.00
203.00 120.00
210.00 121.00
209.00 120.00
208.00 120.00
198.00 119.00
198.00 119.00
196.00 119.00
195.00 119.00
190.00 119.00
190.00 119.00
190.00 119.00
187.00 119.00
187.00 120.00
180.00 119.00
180.00 119.00
180.00 119.00
181.00 120.00
181.00 120.00
182.00 120.00
186.00 120.00
197.00 120.00
197.00 120.00
197.00 120.00
197.00 120.00
197.00 120.00
197.00 119.00
196.00 119.00
196.00 119.00
193.00 119.00
193.00 119.00
193.00 119.00
192.00 119.00
192.00 119.00
192.00 119.00
192.00 119.00
192.00 119.00
192.00 119.00
192.00 119.00
192.00 118.00
176.00 102.00
192.00  65.00
192.00  65.00
192.00  65.00
190.00  17.00
193.00   5.00
200.00   1.00
200.00   1.00
200.00   1.00
200.00   1.00
200.00   1.00
200.00   1.00
200.00   1.00
200.00   1.00
200.00   1.00
200.00   1.00
200.00   1.00
200.00   1.00
184.00   0.00
180.00   1.00
175.00   2.00
175.00   2.00
185.00   0.00
185.00   0.00
204.00   1.00
204.00   1.00
204.00   1.00
204.00   1.00
204.00   1.00
203.00   1.00
201.00   1.00
197.00   0.00
184.00   0.00
175.00   2.00
163.00   7.00
161.00   8.00
161.00   8.00
161.00   8.00
161.00   8.00
153.00  13.00
151.00  15.00
148.00  17.00
156.00  11.00
154.00  13.00
154.00  13.00
162.00   8.00
162.00   8.00
162.00   8.00
174.00   3.00
177.00   2.00
174.00   2.00
174.00   3.00
174.00   3.00
175.00   2.00
175.00   2.00
175.00   2.00
175.00   2.00
176.00   2.00
177.00   2.00
177.00   2.00
179.00   1.00
187.00   0.00
187.00   0.00
190.00   0.00
208.00   2.00
208.00   2.00
208.00   2.00
201.00   1.00
203.00   1.00
203.00   1.00
203.00   1.00
201.00   1.00
201.00   1.00
201.00   1.00
201.00   1.00
191.00   3.00
183.00  52.00
192.00  65.00
192.00  65.00
192.00  65.00
192.00  65.00
192.00  65.00
192.00  65.00
192.00  65.00
192.00  65.00
192.00  65.00
192.00  65.00
192.00  65.00
192.00  65.00
192.00  65.00
192.00  65.00
192.00  65.00
192.00  65.00
192.00  65.00
192.00  65.00
192.00  65.00
192.00  65.00
192.00  65.00
192.00  65.00
