  0.00   0.00
  0.00   0.00
  0.00   0.00
  0.00   0.00
  0.00   0.00
  0.00   0.00
  0.00   0.00
  0.00   0.00
  0.00   0.00
  0.00   0.00
  0.00   0.00
  0.00   0.00
  0.00   0.00
  0.00   0.00
  0.00   0.00
  0.00   0.00
  0.00   0.00
  0.00   0.00
  0.00   0.00
  0.00   0.00
  0.00   0.00
  0.00   0.00
  0.00   0.00
  0.00   0.00
  0.00   0.00
  0.00   0.00
  0.00   0.00
  0.00   0.00
  0.00   0.00
  0.00   0.00
  0.00   0.00
  0.00   0.00
  0.00   0.00
  0.00   0.00
  0.00   0.00
  0.00   0.00
  0.00   0.00
  0.00   0.00
  0.00   0.00
  0.00   0.00
  0.00   0.00
  0.00   0.00
  0.00   0.00
  0.00   0.00
  0.00   0.00
  0.00   0.00
  0.00   0.00
  0.00   0.00
  0.00   0.00
  0.00   0.00
  0.00   0.00
  0.00   0.00
  0.00   0.00
  0.00   0.00
  0.00   0.00
  0.00   0.00
  0.00   0.00
  0.00   0.00
  0.00   0.00
  0.00   0.00
  0.00   0.00
  0.00   0.00
  0.00   0.00
  0.00   0.00
  0.00   0.00
  0.00   0.00
  0.00   0.00
  0.00   0.00
  0.00   0.00
  0.00   0.00
  0.00   0.00
  0.00   0.00
  0.00   0.00
  0.00   0.00
  0.00   0.00
  0.00   0.00
  0.00   0.00
  0.00   0.00
  0.00   0.00
  0.00   0.00
  0.00   0.00
  0.00   0.00
  0.00   0.00
  0.00   0.00
  0.00   0.00
  0.00   0.00
  0.00   0.00
  0.00   0.00
  0.00   0.00
  0.00   0.00
  0.00   0.00
  0.00   0.00
  0.00   0.00
  0.00   0.00
  0.00   0.00
  0.00   0.00
  0.00   0.00
  0.00   0.00
  0.00   0.00
  0.00   0.00
  0.00   0.00
  0.00   0.00
  0.00   0.00
  0.00   0.00
  0.00   0.00
  0.00   0.00
  0.00   0.00
  0.00   0.00
  0.00   0.00
  0.00   0.00
  0.00   0.00
  0.00   0.00
  0.00   0.00
  0.00   0.00
  0.00   0.00
  0.00   0.00
  0.00   0.00
  0.00   0.00
  0.00   0.00
  0.00   0.00
  0.00   0.00
  0.00   0.00
  0.00   0.00
  0.00   0.00
  0.00   0.00
  0.00   0.00
  0.00   0.00
  0.00   0.00
  0.00   0.00
  0.00   0.00
  0.00   0.00
  0.00   0.00
  0.00   0.00
  0.00   0.00
  0.00   0.00
  0.00   0.00
  0.00   0.00
  0.00   0.00
  0.00   0.00
  0.00   0.00
  0.00   0.00
  0.00   0.00
  0.00   0.00
  0.00   0.00
  0.00   0.00
  0.00   0.00
  0.00   0.00
  0.00   0.00
  0.00   0.00
  0.00   0.00
  0.00   0.00
  0.00   0.00
  0.00   0.00
  0.00   0.00
  0.00   0.00
  0.00   0.00
  0.00   0.00
  0.00   0.00
  0.00   0.00
  0.00   0.00
  0.00   0.00
  0.00   0.00
  0.00   0.00
  0.00   0.00
  0.00   0.00
  0.00   0.00
  0.00   0.00
  0.00   0.00
  0.00   0.00
  0.00   0.00
  0.00   0.00
  0.00   0.00
  0.00   0.00
  0.00   0.00
  0.00   0.00
  0.00   0.00
  0.00   0.00
  0.00   0.00
  0.00   0.00
  0.00   0.00
  0.00   0.00
  0.00   0.00
  0.00   0.00
  0.00   0.00
  0.00   0.00
  0.00   0.00
  0.00   0.00
  0.00   0.00
  0.00   0.00
  0.00   0.00
  0.00   0.00
  0.00   0.00
  0.00   0.00
  0.00   0.00
  0.00   0.00
  0.00   0.00
  0.00   0.00
  0.00   0.00
  0.00   0.00
  0.00   0.00
  0.00   0.00
  0.00   0.00
  0.00   0.00
  0.00   0.00
  0.00   0.00
  0.00   0.00
  0.00   0.00
  0.00   0.00
  0.00   0.00
  0.00   0.00
  0.00   0.00
  0.00   0.00
  0.00   0.00
  0.00   0.00
  0.00   0.00
  0.00   0.00
  0.00   0.00
  0.00   0.00
  0.00   0.00
  0.00   0.00
  0.00   0.00
  0.00   0.00
  0.00   0.00
  0.00   0.00
  0.00   0.00
  0.00   0.00
  0.00   0.00
  0.00   0.00
  0.00   0.00
  0.00   0.00
  0.00   0.00
  0.00   0.00
  0.00   0.00
  0.00   0.00
  0.00   0.00
  0.00   0.00
  0.00   0.00
  0.00   0.00
  0.00   0.00
  0.00   0.00
  0.00   0.00
  0.00   0.00
  0.00   0.00
  0.00   0.00
  0.00   0.00
  0.00   0.00
  0.00   0.00
  0.00   0.00
  0.00   0.00
  0.00   0.00
  0.00   0.00
  0.00   0.00
  0.00   0.00
  0.00   0.00
  0.00   0.00
  0.00   0.00
  0.00   0.00
  0.00   0.00
  0.00   0.00
  0.00   0.00
  0.00   0.00
  0.00   0.00
  0.00   0.00
  0.00   0.00
  0.00   0.00
  0.00   0.00
  0.00   0.00
  0.00   0.00
  0.00   0.00
  0.00   0.00
  0.00   0.00
  0.00   0.00
  0.00   0.00
  0.00   0.00
  0.00   0.00
  0.00   0.00
  0.00   0.00
  0.00   0.00
  0.00   0.00
  0.00   0.00
  0.00   0.00
  0.00   0.00
  0.00   0.00
  0.00   0.00
  0.00   0.00
  0.00   0.00
  0.00   0.00
  0.00   0.00
  0.00   0.00
  0.00   0.00
  0.00   0.00
  0.00   0.00
  0.00   0.00
  0.00   0.00
  0.00   0.00
  0.00   0.00
  0.00   0.00
  0.00   0.00
  0.00   0.00
  0.00   0.00
  0.00   0.00
  0.00   0.00
  0.00   0.00
  0.00   0.00
  0.00   0.00
  0.00   0.00
  0.00   0.00
  0.00   0.00
  0.00   0.00
  0.00   0.00
  0.00   0.00
  0.00   0.00
  0.00   0.00
  0.00   0.00
  0.00   0.00
  0.00   0.00
  0.00   0.00
  0.00   0.00
  0.00   0.00
  0.00   0.00
  0.00   0.00
  0.00   0.00
  0.00   0.00
  0.00   0.00
  0.00   0.00
  0.00   0.00
  0.00   0.00
  0.00   0.00
  0.00   0.00
  0.00   0.00
  0.00   0.00
  0.00   0.00
  0.00   0.00
  0.00   0.00
  0.00   0.00
  0.00   0.00
  0.00   0.00
  0.00   0.00
  0.00   0.00
  0.00   0.00
  0.00   0.00
  0.00   0.00
  0.00   0.00
  0.00   0.00
  0.00   0.00
  0.00   0.00
  0.00   0.00
  0.00   0.00
  0.00   0.00
  0.00   0.00
  0.00   0.00
  0.00   0.00
  0.00   0.00
  0.00   0.00
  0.00   0.00
  0.00   0.00
  0.00   0.00
  0.00   0.00
  0.00   0.00
  0.00   0.00
  0.00   0.00
  0.00   0.00
  0.00   0.00
  0.00   0.00
  0.00   0.00
  0.00   0.00
  0.00   0.00
  0.00   0.00
  0.00   0.00
591.00 -115.00
-2268.00 9520.00
-2920.00 9402.00
-2920.00 9402.00
-2920.00 9402.00
-3202.00 9176.00
-3562.00 9087.00
-3562.00 9087.00
-4018.00 8929.00
-4018.00 8929.00
-4333.00 8679.00
-4333.00 8679.00
-4333.00 8679.00
-4710.00 8081.00
-7555.00 5726.00
-7555.00 5726.00
-7756.00 4694.00
-7756.00 4694.00
-8754.00 3740.00
-8754.00 3740.00
-8754.00 3740.00
-8727.00 2699.00
-8727.00 2699.00
-8727.00 2699.00
-9054.00 1439.00
-9054.00 1439.00
-9058.00 -177.00
-9113.00 -1736.00
-9113.00 -1736.00
-9137.00 -2628.00
-9137.00 -2628.00
-9232.00 -3843.00
-8917.00 -4524.00
-8604.00 -5096.00
-8604.00 -5096.00
-8165.00 -5773.00
-8165.00 -5773.00
-7448.00 -6672.00
-7221.00 -6916.00
-6728.00 -7397.00
-6728.00 -7397.00
-6531.00 -7572.00
-6531.00 -7572.00
-6366.00 -7711.00
-6366.00 -7711.00
-6271.00 -7788.00
-6194.00 -7850.00
-6194.00 -7850.00
-6034.00 -7974.00
-6034.00 -7974.00
-6034.00 -7974.00
-5951.00 -8036.00
-5951.00 -8036.00
-5860.00 -8078.00
-5716.00 -8059.00
-5716.00 -8059.00
-5419.00 -8216.00
-5419.00 -8216.00
-4652.00 -8475.00
-4652.00 -8475.00
-4652.00 -8475.00
-4363.00 -8642.00
-3890.00 -8998.00
-3078.00 -9290.00
-3078.00 -9290.00
-2757.00 -9431.00
-2757.00 -9431.00
-2757.00 -9431.00
-2141.00 -9597.00
-2141.00 -9597.00
-1360.00 -9682.00
-1360.00 -9682.00
-1360.00 -9682.00
-649.00 -9833.00
-649.00 -9833.00
292.00 -9870.00
292.00 -9870.00
1333.00 -9854.00
1333.00 -9854.00
1905.00 -9816.00
1905.00 -9816.00
1905.00 -9816.00
2789.00 -9603.00
2789.00 -9603.00
3237.00 -9461.00
4785.00 -8780.00
4785.00 -8780.00
5546.00 -8321.00
5546.00 -8321.00
6220.00 -7829.00
7488.00 -6627.00
7488.00 -6627.00
7812.00 -6242.00
7812.00 -6242.00
7812.00 -6242.00
8097.00 -5867.00
8097.00 -5867.00
8255.00 -5643.00
8519.00 -5235.00
8519.00 -5235.00
8579.00 -5137.00
8579.00 -5137.00
8579.00 -5137.00
8750.00 -4839.00
8750.00 -4839.00
9117.00 -4106.00
9315.00 -3635.00
9315.00 -3635.00
9315.00 -3635.00
9502.00 -2988.00
9502.00 -2988.00
9706.00 -2405.00
9706.00 -2405.00
9907.00 -1359.00
9993.00 346.00
9993.00 346.00
9863.00 1646.00
9863.00 1646.00
9863.00 1646.00
9580.00 2866.00
9580.00 2866.00
9580.00 2866.00
9181.00 3961.00
9080.00 4187.00
9080.00 4187.00
9080.00 4187.00
9046.00 4261.00
9046.00 4261.00
8625.00 5059.00
8625.00 5059.00
8625.00 5059.00
8510.00 5250.00
8510.00 5250.00
8379.00 5458.00
8379.00 5458.00
8160.00 5779.00
8160.00 5779.00
8160.00 5779.00
7964.00 6047.00
7964.00 6047.00
7964.00 6047.00
7296.00 6838.00
7296.00 6838.00
7162.00 6978.00
6561.00 7546.00
6561.00 7546.00
5733.00 8193.00
5733.00 8193.00
5127.00 8585.00
4759.00 8794.00
4116.00 9113.00
4116.00 9113.00
2859.00 9582.00
2859.00 9582.00
1763.00 9843.00
940.00 9955.00
-227.00 9997.00
-227.00 9997.00
-1292.00 9916.00
-1292.00 9916.00
-2388.00 9710.00
-3068.00 9517.00
-4005.00 9162.00
-4005.00 9162.00
-4811.00 8766.00
-5893.00 8078.00
-5893.00 8078.00
-6578.00 7518.00
-7164.00 6695.00
-7793.00 5507.00
-7793.00 5507.00
-8460.00 4326.00
-8460.00 4326.00
-8795.00 3371.00
-8772.00 2735.00
-8772.00 2735.00
-8772.00 2735.00
-8790.00 1948.00
-8790.00 1948.00
-8790.00 1948.00
-8919.00 1304.00
-8919.00 1304.00
-8936.00 594.00
-8936.00 594.00
-9016.00 241.00
9799.00 1992.00
9432.00 3320.00
9432.00 3320.00
9011.00 4334.00
8302.00 5574.00
8302.00 5574.00
8302.00 5574.00
7661.00 6427.00
7661.00 6427.00
7661.00 6427.00
6825.00 7308.00
6166.00 7872.00
5304.00 8477.00
4530.00 8915.00
4530.00 8915.00
3822.00 9240.00
2813.00 9596.00
2813.00 9596.00
2813.00 9596.00
1544.00 9879.00
1544.00 9879.00
1544.00 9879.00
358.00 9993.00
358.00 9993.00
358.00 9993.00
-1132.00 9935.00
-2559.00 9666.00
-2559.00 9666.00
-2962.00 7896.00
-2962.00 7896.00
-2173.00 3443.00
-2173.00 3443.00
-2173.00 3443.00
  0.00   0.00
  0.00   0.00
  0.00   0.00
  0.00   0.00
  0.00   0.00
  0.00   0.00
  0.00   0.00
  0.00   0.00
  0.00   0.00
  0.00   0.00
  0.00   0.00
  0.00   0.00
  0.00   0.00
  0.00   0.00
  0.00   0.00
  0.00   0.00
  0.00   0.00
  0.00   0.00
  0.00   0.00
  0.00   0.00
  0.00   0.00
  0.00   0.00
  0.00   0.00
  0.00   0.00
  0.00   0.00
  0.00   0.00
  0.00   0.00
  0.00   0.00
  0.00   0.00
  0.00   0.00
  0.00   0.00
  0.00   0.00
  0.00   0.00
  0.00   0.00
  0.00   0.00
  0.00   0.00
  0.00   0.00
  0.00   0.00
  0.00   0.00
  0.00   0.00
  0.00   0.00
  0.00   0.00
  0.00   0.00
  0.00   0.00
  0.00   0.00
  0.00   0.00
  0.00   0.00
  0.00   0.00
  0.00   0.00
  0.00   0.00
  0.00   0.00
  0.00   0.00
  0.00   0.00
  0.00   0.00
  0.00   0.00
  0.00   0.00
  0.00   0.00
  0.00   0.00
  0.00   0.00
  0.00   0.00
  0.00   0.00
  0.00   0.00
  0.00   0.00
  0.00   0.00
  0.00   0.00
  0.00   0.00
  0.00   0.00
  0.00   0.00
  0.00   0.00
  0.00   0.00
  0.00   0.00
  0.00   0.00
  0.00   0.00
  0.00   0.00
  0.00   0.00
  0.00   0.00
  0.00   0.00
  0.00   0.00
  0.00   0.00
  0.00   0.00
  0.00   0.00
  0.00   0.00
  0.00   0.00
  0.00   0.00
  0.00   0.00
  0.00   0.00
  0.00   0.00
  0.00   0.00
  0.00   0.00
  0.00   0.00
  0.00   0.00
  0.00   0.00
  0.00   0.00
  0.00   0.00
  0.00   0.00
  0.00   0.00
  0.00   0.00
  0.00   0.00
  0.00   0.00
  0.00   0.00
  0.00   0.00
  0.00   0.00
  0.00   0.00
  0.00   0.00
  0.00   0.00
  0.00   0.00
  0.00   0.00
  0.00   0.00
  0.00   0.00
  0.00   0.00
  0.00   0.00
  0.00   0.00
  0.00   0.00
  0.00   0.00
  0.00   0.00
  0.00   0.00
  0.00   0.00
  0.00   0.00
  0.00   0.00
  0.00   0.00
  0.00   0.00
  0.00   0.00
  0.00   0.00
  0.00   0.00
  0.00   0.00
  0.00   0.00
  0.00   0.00
  0.00   0.00
  0.00   0.00
  0.00   0.00
  0.00   0.00
  0.00   0.00
  0.00   0.00
  0.00   0.00
  0.00   0.00
  0.00   0.00
  0.00   0.00
  0.00   0.00
  0.00   0.00
  0.00   0.00
  0.00   0.00
  0.00   0.00
  0.00   0.00
  0.00   0.00
  0.00   0.00
  0.00   0.00
  0.00   0.00
  0.00   0.00
  0.00   0.00
  0.00   0.00
  0.00   0.00
  0.00   0.00
  0.00   0.00
  0.00   0.00
  0.00   0.00
  0.00   0.00
  0.00   0.00
  0.00   0.00
  0.00   0.00
  0.00   0.00
  0.00   0.00
  0.00   0.00
  0.00   0.00
  0.00   0.00
  0.00   0.00
  0.00   0.00
  0.00   0.00
  0.00   0.00
  0.00   0.00
  0.00   0.00
  0.00   0.00
  0.00   0.00
  0.00   0.00
  0.00   0.00
  0.00   0.00
  0.00   0.00
  0.00   0.00
  0.00   0.00
  0.00   0.00
  0.00   0.00
  0.00   0.00
  0.00   0.00
  0.00   0.00
  0.00   0.00
  0.00   0.00
  0.00   0.00
  0.00   0.00
  0.00   0.00
  0.00   0.00
  0.00   0.00
  0.00   0.00
  0.00   0.00
  0.00   0.00
  0.00   0.00
  0.00   0.00
  0.00   0.00
  0.00   0.00
  0.00   0.00
  0.00   0.00
  0.00   0.00
  0.00   0.00
  0.00   0.00
  0.00   0.00
  0.00   0.00
  0.00   0.00
  0.00   0.00
  0.00   0.00
  0.00   0.00
  0.00   0.00
  0.00   0.00
  0.00   0.00
  0.00   0.00
  0.00   0.00
  0.00   0.00
  0.00   0.00
  0.00   0.00
  0.00   0.00
  0.00   0.00
  0.00   0.00
  0.00   0.00
  0.00   0.00
  0.00   0.00
  0.00   0.00
  0.00   0.00
  0.00   0.00
  0.00   0.00
  0.00   0.00
  0.00   0.00
  0.00   0.00
  0.00   0.00
  0.00   0.00
  0.00   0.00
  0.00   0.00
  0.00   0.00
  0.00   0.00
  0.00   0.00
  0.00   0.00
  0.00   0.00
  0.00   0.00
  0.00   0.00
  0.00   0.00
  0.00   0.00
  0.00   0.00
  0.00   0.00
  0.00   0.00
  0.00   0.00
  0.00   0.00
  0.00   0.00
  0.00   0.00
  0.00   0.00
  0.00   0.00
  0.00   0.00
  0.00   0.00
  0.00   0.00
  0.00   0.00
  0.00   0.00
  0.00   0.00
  0.00   0.00
  0.00   0.00
  0.00   0.00
  0.00   0.00
  0.00   0.00
  0.00   0.00
  0.00   0.00
  0.00   0.00
  0.00   0.00
  0.00   0.00
  0.00   0.00
  0.00   0.00
  0.00   0.00
  0.00   0.00
  0.00   0.00
  0.00   0.00
  0.00   0.00
  0.00   0.00
  0.00   0.00
  0.00   0.00
  0.00   0.00
  0.00   0.00
  0.00   0.00
  0.00   0.00
  0.00   0.00
  0.00   0.00
  0.00   0.00
  0.00   0.00
  0.00   0.00
  0.00   0.00
  0.00   0.00
  0.00   0.00
  0.00   0.00
  0.00   0.00
  0.00   0.00
  0.00   0.00
  0.00   0.00
  0.00   0.00
  0.00   0.00
  0.00   0.00
  0.00   0.00
  0.00   0.00
  0.00   0.00
  0.00   0.00
  0.00   0.00
